Id, Name, Lat, Long, Betweenness, Closeness, Katz, Pagerank
1, Sant Feliu Consell Comarcal, 0.08687943262411346, 0.13194444444444445, 0.0, 0.045350957155879675, 0.060674579338534464,0.0031828960522408837
2, Torreblanca, 0.08687943262411346, 0.14930555555555555, 0.010050251256281407, 0.047494033412887826, 0.0668046021308797,0.005721396701817756
3, Walden, 0.08687943262411346, 0.16666666666666666, 0.019998984823105425, 0.04982473710565849, 0.06743025147387509,0.005337494769939996
4, Rambla de Sant Just, 0.08687943262411346, 0.1840277777777778, 0.029846200700472055, 0.05236842105263158, 0.06755672331501257,0.005067059060628957
5, Hospital Sant Joan Despi | TV3, 0.11879432624113473, 0.21875, 0.0395918988883813, 0.05515521064301552, 0.06819579364955408,0.004825284733286098
6, Montesa, 0.22517730496453903, 0.21875, 0.052704600443293906, 0.058221181977764776, 0.07446002756736886,0.006776243250575527
7, La Sardana, 0.22517730496453903, 0.2361111111111111, 0.032223406595265895, 0.06108041743400859, 0.06819649734195109,0.004722308233026155
8, Pont d'Esplugues, 0.22872340425531912, 0.2482638888888889, 0.04034482175185693, 0.06423499031633312, 0.06756376059804345,0.0048261209317032785
9, Can Clota, 0.2606382978723404, 0.2552083333333333, 0.04846623690844796, 0.06773315180394826, 0.0674999215383259,0.004870984093353444
10, Ca n'Oliveres, 0.29255319148936165, 0.2690972222222222, 0.056587652065039, 0.07163426925845932, 0.06749426738269103,0.004868466119978375
11, Can Rigal, 0.32446808510638303, 0.2847222222222222, 0.06470906722163003, 0.0760122230710466, 0.06750156581367883,0.0048207678739490565
12, Ernest Lluch, 0.3599290780141844, 0.3090277777777778, 0.07298275891240714, 0.08096013018714401, 0.06758020792703455,0.004709176725592005
13, Av de Xile, 0.32092198581560283, 0.3420138888888889, 0.08156100367155643, 0.08705161854768154, 0.06835934014390754,0.004495008441879322
14, Zona Universitaria, 0.2606382978723404, 0.3697916666666667, 0.1096856335549803, 0.09413434247871334, 0.07607204227801713,0.006154656520466735
15, Palau Reial, 0.2783687943262412, 0.3871527777777778, 0.017888262863137237, 0.0865970409051349, 0.06842973947506992,0.004411013684277417
16, Pius XII, 0.30673758865248224, 0.4079861111111111, 0.017600629409674644, 0.0886019590382903, 0.06828420452959978,0.004512672273698464
17, Maria Cristina, 0.3315602836879432, 0.421875, 0.04091585875505471, 0.09132629646626893, 0.07447114168446936,0.006660230442966791
18, Numancia, 0.3670212765957447, 0.4392361111111111, 0.019998984823105425, 0.08386009270965024, 0.06812874765826106,0.00496511789815552
19, L'Illa, 0.40248226950354615, 0.4565972222222222, 0.010050251256281407, 0.07746204748929544, 0.06687515682094108,0.005474541108070486
20, Francesc Macia, 0.4379432624113475, 0.4739583333333333, 0.0, 0.07191904589808457, 0.06068163464210262,0.0030774860647149785
21, El Pedro, 0.2606382978723404, 0.19618055555555555, 0.03195269275671286, 0.061042944785276075, 0.06826680209809413,0.004636997308259915
22, Ignasi Iglesias, 0.29609929078014185, 0.17881944444444445, 0.040514017900952576, 0.06444300518134716, 0.06826680958707847,0.004625307462312421
23, Cornella Centre, 0.31382978723404253, 0.16145833333333334, 0.10391181496709136, 0.06824417009602195, 0.07446011014057537,0.006725972422727041
24, Les Aigues, 0.2606382978723404, 0.16145833333333334, 0.04923607938683316, 0.06411082474226804, 0.06819643377737425,0.004763833966849066
25, Fontsana Fatjo, 0.2358156028368794, 0.16145833333333334, 0.0395918988883813, 0.060412871888281726, 0.06756304240228608,0.0049628478877422975
26, Bon Viatge, 0.20035460992907805, 0.16493055555555555, 0.029846200700472055, 0.05708548479632817, 0.06749280256489237,0.005145821731466185
27, Centre Miquel Marti i Pol, 0.1542553191489362, 0.1875, 0.010050251256281407, 0.05134158926728586, 0.06680394991539608,0.005752824801752264
28, Gavarra, 0.3421985815602837, 0.17708333333333334, 0.10792176370065819, 0.07220609579100146, 0.068196676316258,0.004668679931304028
29, Sant Ildefons, 0.3670212765957447, 0.19618055555555555, 0.11604317885724923, 0.07665639445300462, 0.06756546964798144,0.004737923645202306
30, Can Boixeres, 0.3670212765957447, 0.22395833333333334, 0.12416459401384025, 0.08169129720853859, 0.06751683762266228,0.004713855442122565
31, Can Vidalet, 0.3670212765957447, 0.2569444444444444, 0.1322860091704313, 0.08743409490333919, 0.0676617306201705,0.004589129560448334
32, Pubilla Cases, 0.3670212765957447, 0.2864583333333333, 0.14040742432702233, 0.0940453686200378, 0.06915930931447353,0.004319538987322431
33, Collblanc, 0.42021276595744683, 0.3350694444444444, 0.29042283875541064, 0.10173824130879346, 0.08399024579926248,0.007618805368854149
34, Badal, 0.473404255319149, 0.3628472222222222, 0.22480434223239157, 0.10495780590717299, 0.07073838234204134,0.003937931297064738
35, Sants Estacio, 0.5797872340425532, 0.421875, 0.3275435381610196, 0.11306818181818182, 0.08330912169142828,0.007478346867455215
36, Placa de Sants, 0.5620567375886525, 0.4010416666666667, 0.2797695900025736, 0.10898138006571742, 0.08345253242509798,0.007382078063366415
37, Entenca, 0.5549645390070922, 0.4618055555555556, 0.3172775618146411, 0.11496244945118429, 0.06928586911689066,0.004025017341576071
38, Hospital Clinic, 0.5549645390070922, 0.4739583333333333, 0.31892722426832365, 0.11719670200235571, 0.06960861723068178,0.003966930792221886
39, Diagonal, 0.5549645390070922, 0.5260416666666666, 0.395917857247231, 0.11966325917017438, 0.0868596254092769,0.007089262734733429
40, Provenca, 0.5443262411347518, 0.5173611111111112, 0.09593421653723161, 0.10065756196256954, 0.07045660774659941,0.004050985579143858
41, Verdaguer, 0.5549645390070922, 0.5625, 0.29727124515840864, 0.11603498542274053, 0.08525325003935708,0.007080306969186182
42, Sagrada Familia, 0.5549645390070922, 0.6128472222222222, 0.23235960949528792, 0.1111731843575419, 0.08347757729762344,0.007257115077711447
43, Sant Pau Dos de Maig, 0.5195035460992907, 0.6267361111111112, 0.12075415997298138, 0.10413396127681843, 0.06932684518592204,0.004021556462672322
44, Camp de l'Arpa, 0.5088652482269503, 0.6527777777777778, 0.11678228037296105, 0.1, 0.0698499244702456,0.004070352409661509
45, La Sagrera, 0.5088652482269503, 0.6996527777777778, 0.2047967071646074, 0.09827160493827161, 0.08923136804308633,0.00947448341021307
46, Congres, 0.41312056737588654, 0.6996527777777778, 0.059125030314310024, 0.09141019751952228, 0.0710966269683924,0.004073374853158334
47, Maragall, 0.3670212765957447, 0.6822916666666666, 0.1241519079649122, 0.09426811937470393, 0.08179382914427821,0.008055670005492545
48, Virrei Amat, 0.29609929078014185, 0.6822916666666666, 0.026836483201642315, 0.0868237347294939, 0.06893742942573029,0.004440437983106419
49, Vilapicina, 0.2606382978723404, 0.6649305555555556, 0.017750649995206105, 0.08053419668150547, 0.067639317109469,0.004652475714748769
50, Horta, 0.23936170212765961, 0.6527777777777778, 0.011158486032857892, 0.07515105740181269, 0.06751456675041545,0.004745153107114716
51, El Carmel, 0.18262411347517726, 0.6267361111111112, 0.010302071524852081, 0.0763036809815951, 0.06756516947037543,0.004744530057843426
52, El Coll La Teixonera, 0.17198581560283688, 0.6041666666666666, 0.013398361053302412, 0.07819253438113949, 0.06819594300430704,0.00465689851572073
53, Torrassa, 0.48404255319148937, 0.3177083333333333, 0.13232952773839032, 0.09558117195004803, 0.08399170603188053,0.007605302542824001
54, Can Tries | Gornal, 0.6187943262411347, 0.3177083333333333, 0.10849026276161945, 0.09234338747099768, 0.07749169585875207,0.005934222859623073
55, Provencana, 0.6507092198581561, 0.3263888888888889, 0.0682198873153647, 0.08507909362975631, 0.06850275141589862,0.004434731538891469
56, Ciutat de la Justicia, 0.7145390070921986, 0.3489583333333333, 0.05877874219582762, 0.07881188118811881, 0.06759468033634501,0.004715059214708569
57, Foneria, 0.7925531914893618, 0.3576388888888889, 0.04923607938683316, 0.07335053446369333, 0.06750288409359774,0.0048926308258350456
58, Foc, 0.8386524822695035, 0.3576388888888889, 0.0395918988883813, 0.06854977609369618, 0.0674929795284583,0.005035316950504305
59, Zona Franca, 0.8634751773049645, 0.3315972222222222, 0.029846200700472055, 0.064297253634895, 0.06748572478303246,0.0051866110913453755
60, Pont Comercial La Factoria, 0.8634751773049645, 0.2986111111111111, 0.019998984823105425, 0.06050471267862572, 0.06742307926385986,0.005408131154133895
61, Ecoparc, 0.8634751773049645, 0.265625, 0.010050251256281407, 0.05710186513629842, 0.06680387771284006,0.005768707473271712
62, Zal | Riu Vell, 0.8634751773049645, 0.24479166666666666, 0.0, 0.054032039098560955, 0.06067450692000197,0.0032028465134028372
63, Onze de Setembre, 0.5265957446808511, 0.7743055555555556, 0.10974598018149108, 0.09124254928931683, 0.07038638854845777,0.004155317832470453
64, Bon Pastor, 0.5088652482269503, 0.8038194444444444, 0.11003192167346273, 0.08537108537108537, 0.07469143011760677,0.006332317311006236
65, Llefia, 0.5195035460992907, 0.8315972222222222, 0.04642855128617272, 0.0800804828973843, 0.06829666625784456,0.004477088586881371
66, La Salut, 0.5797872340425532, 0.8559027777777778, 0.038941621688690385, 0.07560790273556231, 0.06833406992206614,0.004547022982970316
67, Gorg, 0.7039007092198581, 0.8784722222222222, 0.03599253280995325, 0.0717634331049405, 0.07510285935201019,0.006687208089132633
68, Sant Roc, 0.7039007092198581, 0.8559027777777778, 0.02972446004271801, 0.07202316322837496, 0.07517374243268475,0.006424910103467544
69, Encants de Sant Adria, 0.7393617021276595, 0.8385416666666666, 0.012865755746827775, 0.06761807679238872, 0.06833971072873492,0.0044769215006683636
70, St Joan Baptista, 0.7890070921985816, 0.8385416666666666, 0.008308658894923547, 0.06425573135292219, 0.06828218954358298,0.0044860037840855375
71, La Catalana, 0.7925531914893618, 0.8055555555555556, 0.02085959993680411, 0.0665329321297225, 0.07454100833880847,0.006469493112207154
72, Alfons el Magnanim, 0.774822695035461, 0.7690972222222222, 0.030122807106208946, 0.07411545623836127, 0.0690665407634457,0.004310101903739138
73, Besos, 0.7145390070921986, 0.7517361111111112, 0.06364752435637161, 0.07956817273090763, 0.0823693803585558,0.007924613833555702
74, Sant Marti de Provencals, 0.7145390070921986, 0.7170138888888888, 0.008399892974280053, 0.07722157547535895, 0.06899802909422771,0.004331498002357854
75, Espronceda, 0.7145390070921986, 0.6875, 0.013461395774476326, 0.08169129720853859, 0.06766976150568267,0.004465252891979731
76, Can Jaumandreu, 0.7145390070921986, 0.65625, 0.020948325371958693, 0.08693752730449979, 0.06775843686782217,0.004409948742712171
77, La Farinera, 0.7216312056737588, 0.6302083333333334, 0.028993602261456676, 0.09320843091334895, 0.06997350145987724,0.004146621949249279
78, Glories, 0.7393617021276595, 0.6128472222222222, 0.1332591360610244, 0.10168625447112928, 0.09203560065873755,0.008955061664567904
79, Auditori Teatre Nacional, 0.7925531914893618, 0.5954861111111112, 0.0, 0.09788489916379735, 0.07164547787582701,0.003795156126852292
80, Marina, 0.8102836879432624, 0.5954861111111112, 0.10371899910882712, 0.10418848167539267, 0.08447836813803888,0.007165962042305805
81, Wellington, 0.8634751773049645, 0.5954861111111112, 0.009957193374278802, 0.09526089037817137, 0.06990688534384415,0.003995069360900874
82, Ciutadella Vila Olimpica, 0.898936170212766, 0.5954861111111112, 0.04125023172914138, 0.09320843091334895, 0.07464954104851525,0.00607812276845998
83, Ca l'Aranyo, 0.7570921985815603, 0.6302083333333334, 0.0453940267020821, 0.09333958724202626, 0.06997981328872131,0.004126970323218995
84, Pere IV, 0.7890070921985816, 0.640625, 0.03707718999328558, 0.08663474096647801, 0.06782155526479106,0.004363391829998659
85, Fluvia, 0.824468085106383, 0.6579861111111112, 0.029526811839892357, 0.08145722472370037, 0.06829463321025492,0.0043759389933982415
86, Selva de Mar, 0.8457446808510638, 0.6736111111111112, 0.04188680111095224, 0.07713178294573643, 0.07518362728457127,0.006250667879206213
87, El Maresme | Forum, 0.8812056737588653, 0.6909722222222222, 0.04099314330774663, 0.07300073367571533, 0.07532359212759182,0.006204561065678096
88, Forum, 0.898936170212766, 0.6996527777777778, 0.025476658878516693, 0.06838487972508592, 0.0683477286545786,0.004473396324105984
89, Can Lima, 0.898936170212766, 0.7482638888888888, 0.017156438246738268, 0.06490541422048271, 0.06821252366097669,0.0046263974539060065
90, Port Forum, 0.898936170212766, 0.7951388888888888, 0.013777993997272205, 0.06187810945273632, 0.07383633046004477,0.006968171128469308
91, Estacio de Sant Addria, 0.898936170212766, 0.8263888888888888, 0.0, 0.05828939660222613, 0.06137775163393952,0.0027247852603621324
92, La Mina, 0.8457446808510638, 0.7864583333333334, 0.0074619530230920494, 0.0630145661811273, 0.06883185157713337,0.004558077282707998
93, Les Corts, 0.40248226950354615, 0.4201388888888889, 0.035954181682824875, 0.09467174119885823, 0.06835730400623448,0.004432417686574305
94, Placa del Centre, 0.4556737588652482, 0.4201388888888889, 0.04368221579276853, 0.10236625514403293, 0.06916075161294488,0.004222346601840185
95, Tarragona, 0.6790780141843972, 0.4201388888888889, 0.02902330863728761, 0.10618996798292422, 0.07125112519628225,0.0038919594131710078
96, Espanya, 0.7393617021276595, 0.4201388888888889, 0.19008017993094878, 0.10636023516835917, 0.08926113871633885,0.009134867803179266
97, Poble Sec, 0.8280141843971631, 0.4479166666666667, 0.016217450890817723, 0.10205128205128206, 0.07041196551790961,0.003939201104282935
98, Paral·lel, 0.8634751773049645, 0.4652777777777778, 0.017968631033957665, 0.10375391032325339, 0.0749175545623521,0.005774668437151579
99, Drassanes, 0.898936170212766, 0.4982638888888889, 0.005756616979397548, 0.10205128205128206, 0.0685319449670687,0.004043511437543286
100, Liceu, 0.8315602836879432, 0.5225694444444444, 0.007482417700173141, 0.10369984366857739, 0.07046106936436013,0.003899026407119852
101, Catalunya, 0.7216312056737588, 0.5225694444444444, 0.14643235636840018, 0.11061700944969427, 0.09613841767527273,0.008417230155766614
102, Passeig de Gracia, 0.6507092198581561, 0.5260416666666666, 0.21679256215193485, 0.11644236395552955, 0.1043449411502291,0.009749130726242134
103, Fontana, 0.473404255319149, 0.5260416666666666, 0.07458617441867028, 0.10826985854189336, 0.0694497773745425,0.0041576674425387004
104, Lesseps, 0.39893617021276595, 0.5625, 0.06600792965952101, 0.09915296462381665, 0.06769744444826142,0.004474707688061255
105, Vallarca, 0.29609929078014185, 0.5625, 0.057776537006017786, 0.09170506912442396, 0.06758363706330849,0.004604714314829634
106, Penitents, 0.22517730496453903, 0.5625, 0.05020500933398754, 0.08548109965635739, 0.06819778840775402,0.004597209156841765
107, Vall d'Hebron, 0.17198581560283688, 0.5868055555555556, 0.04657575193588592, 0.08149058149058148, 0.07445307763764386,0.006667965083457524
108, Montbau, 0.1365248226950354, 0.6128472222222222, 0.02162975370680563, 0.0759831996945399, 0.06819586681320543,0.004673983884886282
109, Mundet, 0.1365248226950354, 0.6475694444444444, 0.014643926704228212, 0.07189306358381503, 0.0675644067516073,0.004785813096552533
110, Valldaura, 0.18617021276595747, 0.671875, 0.010652871540643734, 0.07021877205363444, 0.06750701411565437,0.004823044807166032
111, Canyelles, 0.18617021276595747, 0.7083333333333334, 0.008140308726573384, 0.06904927133934767, 0.06756454758662819,0.004797526363325268
112, Roquetes, 0.22163120567375882, 0.7447916666666666, 0.01161728959048892, 0.07074297902595095, 0.0681972759042136,0.004699895936994225
113, Trinitat Nova, 0.2606382978723404, 0.7517361111111112, 0.05821390905142998, 0.07552182163187855, 0.07446702830663991,0.006746624556177257
114, Casa de l'Aigua, 0.18971631205673756, 0.7517361111111112, 0.029846200700472055, 0.07039264237707818, 0.06819024621221594,0.0048818400971185495
115, Torre Baro | Vallbona, 0.1542553191489362, 0.7517361111111112, 0.019998984823105425, 0.06587222773915923, 0.06749424999496483,0.005226858318276196
116, Ciutat Meridiana, 0.11879432624113473, 0.7517361111111112, 0.010050251256281407, 0.06185887472800746, 0.06681106652658689,0.005648840828789722
117, Can Cuias, 0.08333333333333337, 0.7517361111111112, 0.0, 0.058272327964860905, 0.06067522574371093,0.0031514754446387285
118, Via Julia, 0.2606382978723404, 0.7170138888888888, 0.0649140765556176, 0.08079577750710516, 0.06834158562268992,0.004524476333023501
119, Llucmajor, 0.29609929078014185, 0.6996527777777778, 0.07379687438313905, 0.08697552447552448, 0.06900765614903231,0.0043858713581686375
120, Guinardo Hptal de St Pau, 0.42021276595744683, 0.65625, 0.0718624020740665, 0.09599614085865894, 0.06895547353900686,0.004295450669544296
121, Alfons X, 0.4379432624113475, 0.5954861111111112, 0.07579621254054027, 0.09974937343358396, 0.06781979215000157,0.004311983583198246
122, Joanic, 0.49113475177304966, 0.5746527777777778, 0.0821918269763557, 0.10596379126730564, 0.06930138648410902,0.004087812327854575
123, Girona, 0.6152482269503546, 0.5434027777777778, 0.03339442522859607, 0.11104910714285714, 0.07295381587699282,0.0036359853226225073
124, Urquinaona, 0.7393617021276595, 0.5381944444444444, 0.148603564120543, 0.11104910714285714, 0.08813273371684205,0.00683182432865363
125, Jaume I, 0.8599290780141844, 0.5381944444444444, 0.04501992193099237, 0.10137544574630668, 0.06964972652858246,0.003969358618804549
126, Barceloneta, 0.898936170212766, 0.5607638888888888, 0.03895762390889535, 0.09553528564570331, 0.06842402069549358,0.004159277436020528
127, Bogatell, 0.898936170212766, 0.6041666666666666, 0.030988485286490428, 0.08686163247490179, 0.06822348244995483,0.004383449291786279
128, Llacuna, 0.898936170212766, 0.6319444444444444, 0.02367921164555856, 0.08172484599589322, 0.06764415410568518,0.004496255125084284
129, Poblenou, 0.8670212765957447, 0.65625, 0.018730224284510898, 0.07850098619329389, 0.0682768949034713,0.004432504727916943
130, Besos Mar, 0.8173758865248226, 0.7256944444444444, 0.0148872670229454, 0.07458770614692653, 0.06976341215895634,0.0041914657703735385
131, La Pau, 0.6152482269503546, 0.7517361111111112, 0.09498906743843542, 0.0847890924584576, 0.07592469780927211,0.0060705310930045005
132, Hospital de Bellvitge, 0.6684397163120568, 0.21354166666666666, 0.0, 0.06580687830687831, 0.06081675095576315,0.0029145754858710396
133, Bellvitge, 0.6329787234042553, 0.2222222222222222, 0.010050251256281407, 0.07041755130927105, 0.06822632480621821,0.005092525771375638
134, L'Hospitalet - Av. Carrilet, 0.6152482269503546, 0.2309027777777778, 0.06174583837900421, 0.07566539923954373, 0.08150532493563538,0.008779343496870965
135, Rbla Just Oliveras, 0.4450354609929078, 0.2309027777777778, 0.024946895481386122, 0.07695282289249807, 0.06892504732801252,0.0045229903087993465
136, Can Serra, 0.4450354609929078, 0.265625, 0.03177625633084748, 0.08155737704918033, 0.06780398806375135,0.004488908596643885
137, Florida, 0.4450354609929078, 0.2916666666666667, 0.04086208953728364, 0.0880141530296329, 0.06917368085143054,0.00427364490670831
138, Sta. Eulalia, 0.5265957446808511, 0.3350694444444444, 0.03659900578584912, 0.0983201581027668, 0.06932041963790374,0.004090234221264149
139, Mercat Nou, 0.5620567375886525, 0.3697916666666667, 0.04071893201632811, 0.10173824130879346, 0.06927140230353074,0.0040572465727630415
140, Rocafort, 0.7216312056737588, 0.4340277777777778, 0.14193770644585307, 0.1079761258817146, 0.06989909932220252,0.003954093607394269
141, Urgell, 0.7216312056737588, 0.4565972222222222, 0.1435619894771713, 0.10988404196576478, 0.06978898277815983,0.0038851412768703803
142, Universitat, 0.7216312056737588, 0.4739583333333333, 0.16067223204805045, 0.11204954954954954, 0.08805022942357754,0.00684535714065509
143, Arc de Triomf, 0.774822695035461, 0.5607638888888888, 0.09330497613199004, 0.10681696188942566, 0.07125514918684735,0.0037245711763569736
144, Clot, 0.6152482269503546, 0.6475694444444444, 0.1799612467573487, 0.10446194225721785, 0.08433824903165998,0.007309021916274575
145, Navas, 0.5549645390070922, 0.6736111111111112, 0.0612413921459148, 0.09856364536899455, 0.07135105890083387,0.0039141665773585535
146, Fabra i Puig, 0.4343971631205674, 0.7361111111111112, 0.041426831125323596, 0.08992318120198825, 0.06968870263168112,0.004318484158646725
147, Sant Andreu, 0.374113475177305, 0.8038194444444444, 0.03211258311760825, 0.08308977035490606, 0.06771456420867433,0.004605442455637978
148, Torras i Bages, 0.3315602836879432, 0.8125, 0.02287447337698594, 0.07722157547535895, 0.06751578254517657,0.0047540653277913505
149, Trinitat Vella, 0.32446808510638303, 0.8229166666666666, 0.013910461397898585, 0.0721275824574121, 0.06750208766792083,0.0048153227889640585
150, Baro de Viver, 0.3670212765957447, 0.8559027777777778, 0.005673992859922508, 0.06826758147512864, 0.06756391060396547,0.004811498322747308
151, Santa Coloma, 0.38475177304964536, 0.8819444444444444, 0.002321371165592271, 0.06492659053833605, 0.06819583353608982,0.004741396574531018
152, Fondo, 0.4379432624113475, 0.8819444444444444, 0.03664027206740775, 0.06916927354883559, 0.07445324054276097,0.0068689612465331375
153, Can Paixauet, 0.4556737588652482, 0.8211805555555556, 0.054278970610628904, 0.07918822124950259, 0.06829010468568139,0.004503725345567853
154, Santa Rosa, 0.4379432624113475, 0.8541666666666666, 0.0450408608700066, 0.0738404452690167, 0.06826845232305907,0.004610468496471168
155, Esglesia Major, 0.49113475177304966, 0.9079861111111112, 0.019998984823105425, 0.06479973949853468, 0.0681269400436783,0.005047006625686534
156, Singuerlin, 0.3421985815602837, 0.9131944444444444, 0.010050251256281407, 0.06091215182124273, 0.0668749744995387,0.005529659131178093
157, Can Zam, 0.2606382978723404, 0.8819444444444444, 0.0, 0.05743145743145743, 0.06068161649305934,0.003100574071078426
158, Europa | Fira, 0.7570921985815603, 0.3142361111111111, 0.18246159961555122, 0.09333958724202626, 0.08248143342436126,0.007920817947584485
159, Fira, 0.8102836879432624, 0.3090277777777778, 0.08679762448606669, 0.08607266435986159, 0.06900681838167816,0.004426110719583602
160, Parc Logistic, 0.8102836879432624, 0.2743055555555556, 0.0775595147454444, 0.0797914995990377, 0.06764560869483789,0.004689938848777724
161, Mercabarna, 0.8102836879432624, 0.2378472222222222, 0.0682198873153647, 0.0743091859596714, 0.06750809919173277,0.004843058543383954
162, Les Moreres, 0.7854609929078014, 0.21354166666666666, 0.05877874219582762, 0.0694832402234637, 0.06749420201903014,0.004942692410695408
163, El Prat Estacio, 0.7393617021276595, 0.17881944444444445, 0.04923607938683316, 0.06520314547837483, 0.067492734515564,0.005019550075863571
164, Centric, 0.7677304964539007, 0.1440972222222222, 0.0395918988883813, 0.06138186304750154, 0.06749195455431387,0.005106395913181724
165, Parc Nou, 0.7925531914893618, 0.109375, 0.029846200700472055, 0.05794991263832266, 0.06748562136377641,0.005227067905743627
166, Mas Blau, 0.8280141843971631, 0.10590277777777778, 0.019998984823105425, 0.05485115766262404, 0.06742306886783214,0.0054319590148795924
167, Aeroport T2, 0.8457446808510638, 0.08333333333333333, 0.010050251256281407, 0.052039748953974896, 0.06680387667831272,0.005784720798844143
168, Aeroport T1, 0.9166666666666666, 0.1232638888888889, 0.0, 0.0494778717056191, 0.06067450682173268,0.0032095485116203607
169, St Gervasi/Pl. Molina, 0.40248226950354615, 0.5173611111111112, 0.0783208974163748, 0.08507909362975631, 0.07447549323035861,0.006809548279623745
170, Padua, 0.3315602836879432, 0.5173611111111112, 0.019998984823105425, 0.07856296881168574, 0.06812918518718739,0.005025618121962805
171, Gracia, 0.473404255319149, 0.5173611111111112, 0.08679762448606669, 0.09225776541492814, 0.0684873020056787,0.004403132933073329
172, El Putxet, 0.29609929078014185, 0.5173611111111112, 0.010050251256281407, 0.07292048369366068, 0.06687520046330775,0.005513262268175238
173, Av. Tibidabo, 0.22517730496453903, 0.5173611111111112, 0.0, 0.06798770071745815, 0.06068163887092204,0.003094791604461804
174, Muntaner, 0.3670212765957447, 0.5086805555555556, 0.0395918988883813, 0.07868722815342033, 0.06819735310500523,0.004838967825431018
175, La Bonanova, 0.3315602836879432, 0.4913194444444444, 0.029846200700472055, 0.07313487688349872, 0.06755688000378673,0.005073691778883416
176, Les Tres Torres, 0.29609929078014185, 0.4739583333333333, 0.019998984823105425, 0.06826758147512864, 0.06743026705981753,0.005342703381161504
177, Sarria, 0.2358156028368794, 0.4739583333333333, 0.010050251256281407, 0.06396657023465124, 0.06680460364271505,0.005723656059573357
178, Reina Elisenda, 0.20744680851063835, 0.4618055555555556, 0.0, 0.06013901480809913, 0.06067457947513959,0.003184562073231487
179, Almeda, 0.5265957446808511, 0.1527777777777778, 0.029846200700472055, 0.0705173635719348, 0.06890125721564426,0.0048208766952383885
180, Cornella Riera, 0.4698581560283688, 0.1267361111111111, 0.019998984823105425, 0.0659814323607427, 0.06756607610992833,0.005190240423667699
181, Sant Boi, 0.41312056737588654, 0.10069444444444445, 0.010050251256281407, 0.06195516811955168, 0.06681832142427616,0.005624981700246552
182, Moli Nou Ciutat Cooperativa, 0.22517730496453903, 0.0920138888888889, 0.0, 0.05835777126099707, 0.06067595115794209,0.0031410459302903225
183, Sant Josep, 0.6329787234042553, 0.2465277777777778, 0.045478705346224765, 0.07991967871485944, 0.06905946830972547,0.00445395818288763
184, Gornal, 0.6790780141843972, 0.265625, 0.054564538552661, 0.08610990913024665, 0.06914820381213475,0.004326253488556492
185, Ildefons Cerda, 0.7570921985815603, 0.34375, 0.1466427748520028, 0.09613526570048309, 0.06922654105741531,0.004163994843961707
186, Magoria La Campana, 0.7570921985815603, 0.3645833333333333, 0.15088113838684877, 0.09945027486256872, 0.06984287248407613,0.004072656885564853
187, Sant Antoni, 0.7925531914893618, 0.4739583333333333, 0.00964869239576107, 0.10540254237288135, 0.07029082619105874,0.0038409310851109284
188, Tetuan, 0.6684397163120568, 0.5590277777777778, 0.022253712115901852, 0.10916072408118487, 0.07137645608444718,0.003789926648188179
189, Monumental, 0.6684397163120568, 0.578125, 0.020346025534848433, 0.10602024507192329, 0.06947947290255953,0.0039025211128250435
190, Bac de Roda, 0.6152482269503546, 0.6822916666666666, 0.10321284626522932, 0.09664885866925692, 0.06927937960959854,0.00409207782100705
191, Sant Marti, 0.6152482269503546, 0.7152777777777778, 0.09572591666774696, 0.09020852221214869, 0.06851451937262584,0.004209104706448314
192, Verneda, 0.6152482269503546, 0.7881944444444444, 0.031263017025161086, 0.07925129430505774, 0.06842195439184608,0.004347722025567869
193, Artigues Sant Adria, 0.6613475177304964, 0.8125, 0.023962203191683934, 0.07467166979362101, 0.06835368654873164,0.004418322647655502
194, Pep Ventura, 0.7039007092198581, 0.8993055555555556, 0.010050251256281407, 0.06702593465813406, 0.06757961207277231,0.005138066078326482
195, Badalona Pompeu Fabra, 0.7039007092198581, 0.9166666666666666, 0.0, 0.06283549100094726, 0.060752079951957194,0.0029339680040403834
196, La Fonsanta, 0.18971631205673756, 0.1753472222222222, 0.019998984823105425, 0.05407608695652174, 0.06742379425290647,0.005383435507439563
197, Llevant - les Planes, 0.12943262411347523, 0.21354166666666666, 0.0, 0.04884634266077565, 0.06067451413469618,0.0031957584655124944
198, Parc del Besos, 0.7925531914893618, 0.7795138888888888, 0.021853345319159216, 0.07004575853572685, 0.06835487187029175,0.004415282975903633
199, Hostafrancs, 0.675531914893617, 0.4045138888888889, 0.028690591002148793, 0.10391644908616188, 0.07126546646143633,0.0038717487136533863
200, Encants, 0.572695035460993, 0.6475694444444444, 0.10030230078197191, 0.10607675906183368, 0.07077566876019285,0.003845151629513101
