Id, Name, Lat, Long, Betweenness, Closeness, Katz, Pagerank
1, Erding, 0.20422308188265648, 0.9166666666666666, 0.0, 0.045704197724597884, 0.05715132488969581,0.0027435080407269526
2, Altnerding, 0.23484848484848497, 0.9166666666666666, 0.008583690987124463, 0.0478832716810522, 0.0629247810860368,0.0049488642781855
3, Aufhausen, 0.2638620245003225, 0.9166666666666666, 0.017093384638153027, 0.050258843830888696, 0.06350801856458729,0.004645339678867132
4, St. Koloman, 0.2880399742101871, 0.9166666666666666, 0.02552908095308569, 0.052858439201451904, 0.06356693756672513,0.004476507275875578
5, Ottenhofen, 0.31221792392005165, 0.9166666666666666, 0.03389077993192245, 0.05571496891439503, 0.06357289039537968,0.004376066962152411
6, Markt Schwaben, 0.3492907801418441, 0.905982905982906, 0.04217848157466331, 0.05886811520970187, 0.0635735000363079,0.0043146350719058015
7, Poing, 0.3702450032237268, 0.8899572649572649, 0.05039218588130827, 0.0623661670235546, 0.06357364403296094,0.004265288244778655
8, Grub, 0.3928110896196003, 0.8814102564102564, 0.05853189285185733, 0.06626848691695109, 0.06357447525571303,0.004214972145808051
9, Heimstetten, 0.413765312701483, 0.8685897435897436, 0.06659760248631048, 0.07064887810794421, 0.0635826455778966,0.004142514802484986
10, Feldkirchen, 0.43310767246937465, 0.8525641025641025, 0.07458931478466775, 0.07560025957170668, 0.06366352271931829,0.004024870146004938
11, Riem, 0.4572856221792393, 0.8365384615384616, 0.08250702974692911, 0.08124128312412832, 0.06446413646757561,0.0038188288856933475
12, Berg am Laim, 0.49274661508704076, 0.813034188034188, 0.18607863450249132, 0.08772590361445783, 0.07238942876588356,0.0051790039764520405
13, Leuchtenbergring, 0.49274661508704076, 0.7596153846153846, 0.23249253860194383, 0.09406540169559952, 0.07323672523374379,0.005013501660587383
14, Ostbahnhof, 0.49274661508704076, 0.7083333333333334, 0.30007944436222517, 0.10008591065292097, 0.0868398469080332,0.0077105144723764755
15, Rosenheimer Platz, 0.49274661508704076, 0.6602564102564102, 0.13522936825067938, 0.10196936542669584, 0.06610137152770211,0.0033657769368393535
16, Isartor, 0.49274661508704076, 0.6282051282051282, 0.137979602575577, 0.10538218000904569, 0.06558565395464204,0.0033273422399965483
17, Marienplatz, 0.49274661508704076, 0.5801282051282052, 0.15754819810613793, 0.10944105213715359, 0.08116704041279513,0.005909796408973497
18, Karlsplatz (Stachus), 0.49274661508704076, 0.5160256410256411, 0.16916119908572197, 0.11006140765233821, 0.07628979155034035,0.0044643309607428
19, Hauptbanhof Central Station, 0.49274661508704076, 0.483974358974359, 0.3757558005689574, 0.1139364303178484, 0.0934020179788754,0.009018289489969135
20, Hackerbrucke, 0.49274661508704076, 0.4198717948717949, 0.21073136089323005, 0.11305191654536632, 0.0675855489363851,0.0032586676496792174
21, Donnersbergerbrucke, 0.49274661508704076, 0.3717948717948718, 0.21206331294295624, 0.1131617289946576, 0.07386556680374179,0.004729299378579536
22, Hirschgarten, 0.49274661508704076, 0.33974358974358976, 0.09367233216112163, 0.10787037037037037, 0.06625489157201474,0.003340897033495633
23, Laim, 0.49274661508704076, 0.3076923076923077, 0.24947680653337756, 0.1071264367816092, 0.08009528170434593,0.006398745012284598
24, Obermenzing, 0.41698903932946496, 0.30235042735042733, 0.1358591090720734, 0.09818794774546986, 0.06524324653238656,0.003655290176190969
25, Untermenzing, 0.3960348162475823, 0.2916666666666667, 0.12845937546248334, 0.09055577147298872, 0.06374891287238928,0.0038924974088236997
26, Allach, 0.37185686653771777, 0.280982905982906, 0.12098564451679739, 0.08396396396396397, 0.06365748569740293,0.003995750561283825
27, Karlsfeld, 0.35735009671179896, 0.26816239316239315, 0.11343791623501553, 0.07821416582745888, 0.0642375041328857,0.004000549137938958
28, Dachau, 0.3363958736299163, 0.25961538461538464, 0.10714814266686398, 0.07315541601255887, 0.07012910130677315,0.00586417621107326
29, Hebertshausen, 0.2638620245003225, 0.23824786324786323, 0.02552908095308569, 0.06830841395485195, 0.06422924887897086,0.004210228687630097
30, Rohrmoos, 0.19938749194068361, 0.23824786324786323, 0.017093384638153027, 0.06402857928002198, 0.06357492529344247,0.004488708689042774
31, Virkirchen-Esterhofen, 0.14297227595099937, 0.23824786324786323, 0.008583690987124463, 0.06022227965882657, 0.0629315392151978,0.004843397859306588
32, Petershausen, 0.08333333333333337, 0.23824786324786323, 0.0, 0.056815410875396245, 0.05715200065882245,0.0026993587688677106
33, Dachau Stadt, 0.3170535138620246, 0.21153846153846154, 0.06659760248631048, 0.06850926198177007, 0.06423580207189997,0.004078291376946327
34, Bachern, 0.3170535138620246, 0.16880341880341881, 0.05853189285185733, 0.06438242608455375, 0.06364045758179707,0.004179225068887646
35, Schwabhausen, 0.28320438426821415, 0.14743589743589744, 0.05039218588130827, 0.060692888773118, 0.06358030960207224,0.004245311330280052
36, Niederroth, 0.2590264345583496, 0.14743589743589744, 0.04217848157466331, 0.057375030780595915, 0.0635741733855706,0.004303568856272037
37, Markt Indersdorf, 0.23646034816247596, 0.14743589743589744, 0.03389077993192245, 0.0543757292882147, 0.06357295840026955,0.004369740354925809
38, Arnbach, 0.2155061250805933, 0.14743589743589744, 0.02552908095308569, 0.051651518510308136, 0.06356694442961792,0.004473024980983306
39, Erdweg, 0.19132817537072866, 0.14743589743589744, 0.017093384638153027, 0.04916649082084828, 0.06350801925270749,0.004643118338003006
40, Kleinberghofen, 0.16715022566086402, 0.14743589743589744, 0.008583690987124463, 0.04689072247937211, 0.06292478115418766,0.0049475241127547925
41, Altomunster, 0.14297227595099937, 0.14743589743589744, 0.0, 0.04479907710055758, 0.057151324895798876,0.0027428488729525063
42, Messestadt Ost, 0.48146357188910394, 0.9134615384615384, 0.0, 0.06578204404291361, 0.05716564866342702,0.0025829205360881303
43, Messestadt West, 0.48146357188910394, 0.8846153846153846, 0.008583690987124463, 0.07039274924471299, 0.06306802523817528,0.004569893940671308
44, Moosfeld, 0.49274661508704076, 0.8632478632478633, 0.017093384638153027, 0.07564935064935065, 0.06492615385091426,0.004077232629283916
45, Trudering, 0.5298194713088331, 0.844017094017094, 0.1084060973804943, 0.08169705469845723, 0.07760509051945848,0.007032607298457964
46, Kreillerstr., 0.5507736943907158, 0.8258547008547008, 0.01253021557890582, 0.08155407770388519, 0.06515593636274174,0.0036520989784039537
47, Josephsburg, 0.5733397807865894, 0.813034188034188, 0.018597997138769678, 0.08652060898626067, 0.0653658896164284,0.0035690119246459245
48, Innsbrucker Ring, 0.5894584139264991, 0.7745726495726496, 0.05847228388666896, 0.09308829404714343, 0.07991462510500648,0.006474106935111798
49, Karl-Preis-Platz, 0.5894584139264991, 0.7403846153846154, 0.010883774850772042, 0.08713537771129394, 0.06726521048806401,0.0033967118692664446
50, Giesing, 0.5894584139264991, 0.7083333333333334, 0.18119275483860367, 0.0915880503144654, 0.08414920927974598,0.008118676971312954
51, Untersbergstr., 0.5894584139264991, 0.6762820512820513, 0.11717889267097491, 0.09279171644763043, 0.0657201826637104,0.0035930429358951837
52, Silberhornstr., 0.5894584139264991, 0.6388888888888888, 0.11965780343018759, 0.09560935576528519, 0.06446427129743007,0.0036997081547296114
53, Kolumbusplatz, 0.5894584139264991, 0.6047008547008547, 0.1454828737276569, 0.09877066553624417, 0.07033414031675621,0.005403827827205674
54, Frauenhoferstr., 0.5894584139264991, 0.5694444444444444, 0.1388724450364231, 0.10401785714285715, 0.06603884237440433,0.0034723664993415457
55, Sendlingen Tor, 0.5894584139264991, 0.532051282051282, 0.24777931645254414, 0.11250603573153066, 0.08146608787089304,0.006117300825865436
56, Konigsplatz, 0.42182462927143793, 0.483974358974359, 0.029422574120664995, 0.10346358792184725, 0.06658817804700268,0.0035229043689381616
57, Theresienstr., 0.38797549967762746, 0.483974358974359, 0.02247915741699964, 0.09568788501026694, 0.0638916745052872,0.003774331858960699
58, Josephsplatz, 0.35735009671179896, 0.483974358974359, 0.016281880518967982, 0.0895121014214368, 0.06374022746299397,0.0038503915522118586
59, Hohenzollernplatz, 0.32511283043197947, 0.483974358974359, 0.011505352473977609, 0.08460421205519245, 0.06492218714821414,0.003776164365678256
60, Scheidplatz, 0.291263700838169, 0.483974358974359, 0.054169999483193204, 0.08626434653831914, 0.07689321000087834,0.007055118782664399
61, Milbertshofen, 0.2638620245003225, 0.483974358974359, 0.022063539045927675, 0.08037254225595032, 0.06491912125334035,0.0038461779466306403
62, Frankfurter Ring, 0.2445196647324308, 0.483974358974359, 0.017389373982536628, 0.07682162875041214, 0.06370955598314473,0.004014950174215742
63, Am Hart, 0.23968407479045795, 0.46260683760683763, 0.01632257905382073, 0.07646865769609452, 0.06358798080824775,0.004091818177111484
64, Harthof, 0.23968407479045795, 0.4230769230769231, 0.01654457106210843, 0.07661953304833936, 0.06358179134456785,0.00410481449503579
65, Dulferstr., 0.23968407479045795, 0.38782051282051283, 0.018117014454146332, 0.07738292925938227, 0.06364147081056135,0.004058474075862925
66, Hasenbergl, 0.23968407479045795, 0.3472222222222222, 0.022852843964283966, 0.08115639150121909, 0.06424445774819625,0.0039355408242742205
67, Feldmoching, 0.23968407479045795, 0.31303418803418803, 0.08155215578905825, 0.0868107302533532, 0.07021465687315757,0.005541788472326483
68, Ebersberg, 0.8763700838168923, 0.8920940170940171, 0.0, 0.045848091302636756, 0.05715132489071299,0.0027427375906479996
69, Grafing Stadt, 0.8409090909090909, 0.8920940170940171, 0.008583690987124463, 0.04804123711340206, 0.06292478109824293,0.004946644185213363
70, Grafing Bahnhof, 0.8038362346872985, 0.8920940170940171, 0.017093384638153027, 0.050432900432900434, 0.06350801870190619,0.004642481571913714
71, Kirscheeon, 0.7683752417794971, 0.8920940170940171, 0.02552908095308569, 0.053051001821493624, 0.06356693895974895,0.004471135570497605
72, Eglharting, 0.7313023855577048, 0.8920940170940171, 0.03389077993192245, 0.055928948631781085, 0.0635729043225663,0.004367204659348486
73, Zorneding, 0.6958413926499034, 0.8920940170940171, 0.04217848157466331, 0.059107052257737186, 0.063573638181142,0.0042981668033193615
74, Baldham, 0.658768536428111, 0.8920940170940171, 0.05039218588130827, 0.06263440860215054, 0.06357501236277106,0.004236440562155619
75, Vaterstetten, 0.6233075435203095, 0.8920940170940171, 0.05853189285185733, 0.06657142857142857, 0.06358802206697865,0.004162480479501987
76, Haar, 0.5781753707285623, 0.8824786324786325, 0.06659760248631048, 0.07099329677026203, 0.06371674967357302,0.0040489316771393355
77, Gronsdorf, 0.5491618310767248, 0.8632478632478633, 0.07458931478466775, 0.07599478147423352, 0.06499102622843925,0.003856121640341683
78, Pasing, 0.49274661508704076, 0.25961538461538464, 0.3662775640076958, 0.1084729981378026, 0.08898469256016982,0.007878449009752458
79, Leienfelsstr., 0.5056415215989685, 0.1794871794871795, 0.07458931478466775, 0.09864521591871296, 0.06614057037257155,0.0036530943258447435
80, Aubing, 0.5056415215989685, 0.13141025641025642, 0.06659760248631048, 0.09038013964313421, 0.06383286719019417,0.003935610742296648
81, Puchheim, 0.5185364281108963, 0.08333333333333333, 0.05853189285185733, 0.08333333333333333, 0.06359974898595647,0.004099683100914623
82, Eichenau, 0.5894584139264991, 0.08333333333333333, 0.05039218588130827, 0.07725464190981432, 0.06357619588780666,0.004201104990561754
83, Fusrtenfeldbruck, 0.6265312701482915, 0.08333333333333333, 0.04217848157466331, 0.07195799876466955, 0.06357375738970168,0.004278785874766157
84, Buchenau, 0.6636041263700838, 0.08333333333333333, 0.03389077993192245, 0.06730213749277875, 0.06357291624947448,0.0043560296651345065
85, Schongeising, 0.6990651192778853, 0.08333333333333333, 0.02552908095308569, 0.06317787418655098, 0.06356694013357114,0.004465076826638692
86, Grafrath, 0.7393617021276596, 0.08333333333333333, 0.017093384638153027, 0.059499489274770175, 0.0635080188112527,0.004638633542584787
87, Turkenfeld, 0.779658284977434, 0.08333333333333333, 0.008583690987124463, 0.056198745779064155, 0.06292478110739752,0.004944340115878495
88, Geltendorf, 0.7764345583494521, 0.08333333333333333, 0.0, 0.05322064869803563, 0.05715132489122158,0.002741626575509095
89, Kreuzstraße, 0.9134429400386848, 0.8205128205128205, 0.0, 0.044945987654320986, 0.05715132489020441,0.002743035210572832
90, Großhelfendorf, 0.8892649903288201, 0.8205128205128205, 0.008583690987124463, 0.047051696284329564, 0.06292478109163127,0.0049474238346745815
91, Peiß, 0.8683107672469375, 0.8205128205128205, 0.017093384638153027, 0.0493434985175773, 0.06350801862714368,0.0046435418808759765
92, Aying, 0.8441328175370728, 0.8205128205128205, 0.02552908095308569, 0.051846906987093905, 0.06356693819279755,0.004473037959719363
93, Durrnhaar, 0.8199548678272083, 0.8205128205128205, 0.03389077993192245, 0.054592314901593254, 0.06357289664288043,0.004370390441615876
94, Hohenkichen-Siegertsbrunn, 0.7957769181173436, 0.8205128205128205, 0.04217848157466331, 0.0576162215628091, 0.06357356192033554,0.004304017770250598
95, Wachterhof, 0.7715989684074791, 0.8205128205128205, 0.05039218588130827, 0.06096284667713239, 0.0635742568693505,0.00424672356259813
96, Hohenbrunn, 0.7506447453255964, 0.8151709401709402, 0.05853189285185733, 0.06468628539700166, 0.063580541887649,0.004181142958622846
97, Ottobrunn, 0.7393617021276596, 0.8044871794871795, 0.06659760248631048, 0.06885342789598109, 0.06364270016704676,0.00408225075151436
98, Neubiberg, 0.7232430689877498, 0.7938034188034188, 0.07458931478466775, 0.07354797979797979, 0.0642580027773679,0.003916133276194213
99, Neuperlach Sud, 0.7103481624758221, 0.7724358974358975, 0.08496024698666407, 0.07887610020311442, 0.07034888798371808,0.005436044578283329
100, Perlach, 0.6877820760799485, 0.7350427350427351, 0.08855528423198993, 0.08472727272727272, 0.0663086448248054,0.0035610628186727887
101, St.-Martin-Str., 0.5620567375886525, 0.7083333333333334, 0.06448251196290267, 0.09323729491796719, 0.06795772825585313,0.0033316271598750977
102, Heimeranplatz, 0.5894584139264991, 0.3717948717948718, 0.3411891195726476, 0.11127029608404966, 0.09622747502539947,0.009061088598961143
103, Harras, 0.6394261766602193, 0.3717948717948718, 0.09906173139671733, 0.1056689342403628, 0.08172842984519033,0.006313148423813458
104, Mittersendling, 0.658768536428111, 0.3717948717948718, 0.09035074737309456, 0.10192475940507437, 0.0751284399603837,0.004835107446961401
105, Siemenswerke, 0.7071244358478401, 0.3717948717948718, 0.08250702974692911, 0.09327461969575661, 0.06474080988003232,0.003691055986631819
106, Solln, 0.7313023855577048, 0.3717948717948718, 0.07458931478466775, 0.08591445427728614, 0.06369146480015624,0.003953875547663575
107, Großhesslohe Isartalbf., 0.7715989684074791, 0.3717948717948718, 0.06659760248631048, 0.07957650273224044, 0.06358546583064327,0.004102814876554277
108, Pullach, 0.7925531914893618, 0.3717948717948718, 0.05853189285185733, 0.07406230133502861, 0.06357475937357494,0.004193021409576057
109, Hollriegelskreuth, 0.8086718246292715, 0.3717948717948718, 0.05039218588130827, 0.06922162804515745, 0.0635736724986575,0.004252916942110531
110, Buchenhain, 0.8280141843971631, 0.3717948717948718, 0.04217848157466331, 0.06493868450390189, 0.06357350284269908,0.0043078582210625965
111, Baierbrunn, 0.8441328175370728, 0.3717948717948718, 0.03389077993192245, 0.06112277019937041, 0.06357289066137146,0.00437217768969892
112, Hohenschaftlarn, 0.8634751773049646, 0.3717948717948718, 0.02552908095308569, 0.057701832590391286, 0.06356693758910302,0.004474382300576172
113, Ebenhausen-Schaftlarn, 0.8763700838168923, 0.3717948717948718, 0.017093384638153027, 0.054617909048288796, 0.06350801856611306,0.004644027471433055
114, Icking, 0.8924887169568021, 0.3717948717948718, 0.008583690987124463, 0.051823843416370106, 0.0629247810860368,0.004948049551179478
115, Wolfratshausen, 0.9166666666666666, 0.3717948717948718, 0.0, 0.04928087986463621, 0.05715132488969581,0.0027431381599356255
116, Flughafen Munchen Munich Airport, 0.08333333333333337, 0.6602564102564102, 0.0, 0.06793002915451896, 0.05787248474423297,0.0023837419058527045
117, Flughafen Besucherpark, 0.11879432624113484, 0.6602564102564102, 0.03931200976764836, 0.07285803627267042, 0.07013638359636415,0.006153773501435603
118, Halbergmoos, 0.16715022566086402, 0.6923076923076923, 0.03391760396625721, 0.07238272755514134, 0.06423654787416727,0.004157890931612954
119, Ismaning, 0.2155061250805933, 0.7243589743589743, 0.03412109664052094, 0.07249533291848165, 0.06364063396841528,0.004176109409687587
120, Unterfohring, 0.25580270793036763, 0.7564102564102564, 0.035619542696462926, 0.07347839798170924, 0.06358132958183985,0.004156674364575557
121, Johanneskirchen, 0.3202772404900066, 0.7596153846153846, 0.04011488086428889, 0.0760443864229765, 0.06358420193591498,0.004098779200193847
122, Englschalking, 0.37669245647969063, 0.7596153846153846, 0.047066005623797556, 0.08109989557953359, 0.06367223680903449,0.00397696839175209
123, Daglfing, 0.43310767246937465, 0.7596153846153846, 0.054359368062749755, 0.08707025411061285, 0.06454973431037646,0.003752199418627494
124, Westkreuz, 0.5298194713088331, 0.22756410256410256, 0.16878792363474915, 0.09965782720273739, 0.07265547989673214,0.005249338896963415
125, Neuaubing, 0.5346550612508061, 0.2168803418803419, 0.08250702974692911, 0.09137254901960784, 0.0644910049369748,0.003844944198128539
126, Freiham, 0.5539974210186978, 0.20405982905982906, 0.07458931478466775, 0.08429811866859624, 0.06366623440215886,0.004039458147190786
127, Harthaus, 0.5781753707285623, 0.18803418803418803, 0.06659760248631048, 0.07818791946308724, 0.06358291869753288,0.004150507663012773
128, Germering-Unterpfaffenhohefen, 0.6136363636363638, 0.17414529914529914, 0.05853189285185733, 0.07285803627267042, 0.06357450261217813,0.004219561105180959
129, Geisenbrunn, 0.6507092198581561, 0.17414529914529914, 0.05039218588130827, 0.0681685196021065, 0.06357364672644546,0.004267681478611845
130, Gilching-Argelsried, 0.6877820760799485, 0.17414529914529914, 0.04217848157466331, 0.064010989010989, 0.06357350029212791,0.00431611614999819
131, Neugilching, 0.7232430689877498, 0.17414529914529914, 0.03389077993192245, 0.06030020703933747, 0.0635728904167404,0.00437675536853055
132, Weßling, 0.7603159252095423, 0.17414529914529914, 0.02552908095308569, 0.0569682151589242, 0.0635669375682509,0.004477017674746473
133, Steinenbach, 0.7957769181173436, 0.17414529914529914, 0.017093384638153027, 0.0539601667438629, 0.06350801856458729,0.004645532256459125
134, Seefeld-Hechendorf, 0.8328497743391361, 0.17414529914529914, 0.008583690987124463, 0.05123131046613896, 0.0629247810860368,0.004949091978556607
135, Herrsching, 0.8795938104448743, 0.17414529914529914, 0.0, 0.048744769874476984, 0.05715132488969581,0.002743551978288848
136, Therese-Giehse-Allee, 0.6861702127659575, 0.7724358974358975, 0.004131517932021113, 0.07555123216601815, 0.0643338247243693,0.0038045535063254577
137, Neupelach Zentrum, 0.6636041263700838, 0.7724358974358975, 0.009485019650403692, 0.07998626845176794, 0.06440093732983643,0.0038199855941675803
138, Quiddestraaße, 0.6394261766602193, 0.7724358974358975, 0.02488263200302567, 0.08607314370151459, 0.07108714434832972,0.005512693207335214
139, Michaelibad, 0.6216956802063186, 0.7724358974358975, 0.0, 0.07927866621299762, 0.057967556360431,0.0022029717457882404
140, Max-Weber-Pl., 0.41698903932946496, 0.6463675213675214, 0.1440266090896919, 0.10223782360684511, 0.07259998165605468,0.0050340977681762366
141, Lehel, 0.41698903932946496, 0.6100427350427351, 0.134961935417944, 0.1056210335448776, 0.06609293425556895,0.003357408479870279
142, Odeonsplatz, 0.41698903932946496, 0.5801282051282052, 0.19351664411509759, 0.10944105213715359, 0.07974119602180577,0.006069652306500301
143, Theresienwiese, 0.5265957446808511, 0.45405982905982906, 0.11612789558623496, 0.11095238095238096, 0.06691631342609441,0.003339897178286654
144, Schwanthalerhohe, 0.5894584139264991, 0.4284188034188034, 0.11603539891611508, 0.11084681255946717, 0.06717316787780102,0.0033440597918024386
145, Westendstr., 0.5894584139264991, 0.33974358974358976, 0.017093384638153027, 0.10034453057708871, 0.06680734990152008,0.003783554221736328
146, Friedenheimer Str., 0.5894584139264991, 0.31303418803418803, 0.008583690987124463, 0.09130094043887148, 0.06325802991734068,0.004374089122610304
147, Laimer Platz, 0.5894584139264991, 0.280982905982906, 0.0, 0.08369252873563218, 0.05718464473668147,0.002499925960818651
148, Stiglmaierplatz, 0.4089297227595101, 0.46474358974358976, 0.028647789711316412, 0.10296067167476801, 0.06658681221181899,0.003555690681785883
149, Maillingerstr., 0.4089297227595101, 0.4252136752136752, 0.020874369554442076, 0.09398951189995966, 0.06387801498420534,0.0038515432867292886
150, Rotkreuzplatz, 0.4089297227595101, 0.38782051282051283, 0.01410299665719971, 0.08739684921230308, 0.06360499443620249,0.003999160466092697
151, Gern, 0.37185686653771777, 0.36645299145299143, 0.010322966071634118, 0.08435916002896451, 0.06358351009183263,0.00404911228548885
152, Westfriedhof, 0.3476789168278531, 0.36645299145299143, 0.010100974063346415, 0.08420672208167691, 0.06364165733741645,0.004020956500336381
153, Holzkirchen, 0.9166666666666666, 0.7029914529914529, 0.0, 0.051096491228070175, 0.057151324908004994,0.0027393760602746316
154, Ottenfing, 0.8924887169568021, 0.7029914529914529, 0.008583690987124463, 0.053835489833641406, 0.0629247812976096,0.004939814217435917
155, Sauerlach, 0.8683107672469375, 0.7029914529914529, 0.017093384638153027, 0.056857003416300636, 0.06350802072201958,0.004630924241465272
156, Deisenhofen, 0.8441328175370728, 0.7029914529914529, 0.02552908095308569, 0.06020671834625323, 0.06356695923971413,0.004453016996979133
157, Furth, 0.8199548678272083, 0.7029914529914529, 0.03389077993192245, 0.06394072447859495, 0.06357310560052133,0.004333786197672288
158, Taufkirchen, 0.7957769181173436, 0.7029914529914529, 0.04217848157466331, 0.06812865497076023, 0.06357563277560305,0.0042400582570609755
159, Unterhaching, 0.7715989684074791, 0.7029914529914529, 0.05039218588130827, 0.07285803627267042, 0.06359476121460084,0.004130704059091551
160, Fasangarten, 0.7232430689877498, 0.7029914529914529, 0.06659760248631048, 0.08442028985507247, 0.06565210983762068,0.0037094272398348234
161, Langwied, 0.49274661508704076, 0.2222222222222222, 0.06659760248631048, 0.09856175972927242, 0.06614057031154093,0.003656241262678284
162, Lochhausen, 0.4572856221792393, 0.17094017094017094, 0.05853189285185733, 0.09024012393493416, 0.06383286657429355,0.003944185386847107
163, Grobenzell, 0.43310767246937465, 0.15598290598290598, 0.05039218588130827, 0.08315488936473947, 0.06359974285492248,0.004114376976263763
164, Olching, 0.4089297227595101, 0.1388888888888889, 0.04217848157466331, 0.07705026455026455, 0.06357613515980061,0.00423053695669569
165, Esting, 0.3847517730496455, 0.12286324786324786, 0.03389077993192245, 0.07173645320197045, 0.06357315612878565,0.004328842746650652
166, Gernlinden, 0.36057382333978094, 0.1047008547008547, 0.02552908095308569, 0.06706966033390904, 0.06356696425643077,0.004449806136950813
167, Maisach, 0.3170535138620246, 0.08333333333333333, 0.017093384638153027, 0.06293895191788222, 0.06350802121229887,0.00462940009898633
168, Malching, 0.2638620245003225, 0.08333333333333333, 0.008583690987124463, 0.05925737538148525, 0.06292478133982245,0.0049384000129386605
169, Mammendorf, 0.2155061250805933, 0.08333333333333333, 0.0, 0.05595581171950048, 0.05715132491156511,0.0027389887169766225
170, Arabellapark, 0.3041586073500968, 0.6976495726495726, 0.0, 0.0729264475743349, 0.05715225476538745,0.0026465441746729634
171, Richard-Strauss-Str., 0.3363958736299163, 0.6762820512820513, 0.008583690987124463, 0.07863651704353695, 0.06293408444466154,0.004719812680950074
172, Bohmerwaldplatz, 0.36057382333978094, 0.6762820512820513, 0.017093384638153027, 0.08525429930479327, 0.0636001360629765,0.0043022001873449164
173, Prinzregentenplatz, 0.3928110896196003, 0.6762820512820513, 0.02552908095308569, 0.09301397205588822, 0.06447884821191678,0.0038963273145904715
174, Mangfallplatz, 0.7313023855577048, 0.6153846153846154, 0.0, 0.07114503816793893, 0.05715202157401461,0.0026699912112023985
175, St.-Quirin-Platz, 0.6990651192778853, 0.6153846153846154, 0.008583690987124463, 0.07656917515609596, 0.06293174990203948,0.004775192406701573
176, Wettersteinplatz, 0.6619922630560929, 0.6153846153846154, 0.017093384638153027, 0.08282971916103804, 0.06357701572072,0.004385140078237862
177, Candidplatz, 0.6265312701482915, 0.6153846153846154, 0.02552908095308569, 0.09013539651837524, 0.06424995782224174,0.004036550079749699
178, Georg-Brauchle-Ring, 0.3235009671179885, 0.36645299145299143, 0.011525422783192503, 0.0855359765051395, 0.0642446089413761,0.0039024414105476883
179, Olympia Einkaufszentrum, 0.291263700838169, 0.36645299145299143, 0.04054992353608604, 0.08723324597529016, 0.07021598439128608,0.0054815296725957965
180, Garching-Forschungszentrum, 0.1542553191489362, 0.5801282051282052, 0.0, 0.047804677882642595, 0.05715132489020441,0.0027430113733674256
181, Garching, 0.170373952288846, 0.5801282051282052, 0.008583690987124463, 0.05019388194743645, 0.06292478109163127,0.00494734774441349
182, Garching-Hochbruk, 0.19132817537072866, 0.5801282051282052, 0.017093384638153027, 0.0528105167724388, 0.06350801862663509,0.0046434520147084195
183, Frottmaning, 0.20744680851063846, 0.5801282051282052, 0.02552908095308569, 0.05568833652007648, 0.06356693818720308,0.004472841537725544
184, Kieferngarten, 0.22678916827853013, 0.5801282051282052, 0.03389077993192245, 0.05886811520970187, 0.06357289657625534,0.004370100257242751
185, Freimann, 0.21067053513862033, 0.5801282051282052, 0.04217848157466331, 0.062399571505088375, 0.06357356124493006,0.004303408241904286
186, Studentenstadt, 0.2638620245003225, 0.5801282051282052, 0.05039218588130827, 0.06634396355353075, 0.06357425005172208,0.004245738580376817
187, Alte Heide, 0.2799806576402323, 0.5801282051282052, 0.05853189285185733, 0.07077764277035237, 0.0635804741848607,0.004179218720475456
188, Nordfriedhof, 0.29932301740812395, 0.5801282051282052, 0.06659760248631048, 0.07579700715679896, 0.06364202888417901,0.004078960037360136
189, Dietlindenstr., 0.31544165054803364, 0.5801282051282052, 0.07458931478466775, 0.0815255423372988, 0.06425135586989326,0.0039100087202595755
190, Munchner Freiheit, 0.3363958736299163, 0.5801282051282052, 0.1124330353472355, 0.08812405446293495, 0.07028308329588846,0.005419833451599602
191, Giselastr., 0.36057382333978094, 0.5801282051282052, 0.10375684768999116, 0.0937625754527163, 0.06441458577894733,0.0036576959570731793
192, Universitat, 0.3847517730496455, 0.5801282051282052, 0.11013911792826259, 0.10077854671280277, 0.06527440072677435,0.0034855776022856043
193, Goetheplatz, 0.6152482269503547, 0.5213675213675214, 0.07033164901301651, 0.10595725329695316, 0.06546529446893255,0.003452509514014699
194, Poccistr., 0.6265312701482915, 0.5106837606837606, 0.06929876953001123, 0.10538218000904569, 0.06459868692795558,0.003556513898482665
195, Implerstr., 0.6394261766602193, 0.49145299145299143, 0.10232008076280692, 0.10542986425339367, 0.07193332539369321,0.005111300605714256
196, Partnachplatz, 0.6394261766602193, 0.33226495726495725, 0.04217848157466331, 0.09600329625051504, 0.06540747379512446,0.00369562254161217
197, Westpark, 0.6394261766602193, 0.297008547008547, 0.03389077993192245, 0.0878913617502829, 0.0637581482642683,0.004029692288979528
198, Holzapfelkreuth, 0.6507092198581561, 0.27564102564102566, 0.02552908095308569, 0.08098713938129996, 0.06358564861428724,0.004279351988761291
199, Harderner Stern, 0.6748871695680208, 0.25961538461538464, 0.017093384638153027, 0.0750402576489533, 0.06350990747334745,0.004528868265695772
200, Großhadern, 0.7039007092198581, 0.25427350427350426, 0.008583690987124463, 0.06986506746626686, 0.06292497146544954,0.0048710379931005635
201, Klinikum Großhadern, 0.7280786589297228, 0.25427350427350426, 0.0, 0.06532099803756658, 0.057151343808169656,0.002710612959971521
202, Neufahrn, 0.11879432624113484, 0.5128205128205128, 0.047592311676779644, 0.07385103011093502, 0.07066634442190337,0.006059651595275516
203, Pulling, 0.09784010315925218, 0.5480769230769231, 0.008583690987124463, 0.0688330871491876, 0.06364784380042438,0.004546151666923439
204, Freising, 0.09784010315925218, 0.6121794871794872, 0.0, 0.06441802598838817, 0.05722363094020374,0.0025722251729343127
205, Eching, 0.11879432624113484, 0.46260683760683763, 0.04336213062996398, 0.07533139346912383, 0.0642907591429147,0.004107119330008926
206, Lohhof, 0.11879432624113484, 0.41452991452991456, 0.046056866952789696, 0.0771523178807947, 0.06365278619653406,0.004111910997008518
207, Unterschleißheim, 0.14297227595099937, 0.3557692307692308, 0.04899209461792708, 0.07917091403329936, 0.06364864196797757,0.004063065137103487
208, Oberschleißheim, 0.17843326885880095, 0.33226495726495725, 0.05321055941986087, 0.08224496999647017, 0.06424517483148993,0.003937011273031515
209, Fasanerie, 0.2638620245003225, 0.31303418803418803, 0.08015545607024813, 0.09282868525896415, 0.06506851029137949,0.0036561360841970885
210, Moosach, 0.291263700838169, 0.31303418803418803, 0.13044376672281066, 0.10047434238896076, 0.0718820670302797,0.005101953569715148
211, Moosacher St.-Martins-Platz, 0.291263700838169, 0.33760683760683763, 0.04267675966839797, 0.09327461969575661, 0.06506864295668144,0.003639106715963531
212, Oberwiesenfeld, 0.291263700838169, 0.39636752136752135, 0.024375588748646326, 0.08512970405553526, 0.06425816810828998,0.0038457208443738377
213, Olympiazentrum, 0.291263700838169, 0.4284188034188034, 0.02362019927600068, 0.08469647400945111, 0.0637772510785447,0.003887651933349714
214, Petuelring, 0.291263700838169, 0.46260683760683763, 0.02362019927600068, 0.08457350272232304, 0.06492589055059551,0.0037918858803416547
215, Bonner Platz, 0.291263700838169, 0.5213675213675214, 0.04095654183433521, 0.0851608187134503, 0.06557647267708464,0.0036754107615708078
216, Brudermuhlstr., 0.6716634429400388, 0.47649572649572647, 0.05853189285185733, 0.09596375617792421, 0.06441805161762082,0.003805395929880686
217, Thalkirchen (Tierpark), 0.6910058027079304, 0.4732905982905983, 0.05039218588130827, 0.08799093655589124, 0.06365885791638907,0.004037372971321223
218, Aidenbachstr., 0.6910058027079304, 0.3450854700854701, 0.03389077993192245, 0.07530704589528119, 0.06357375932182928,0.00430491689772249
219, Machtfinger Str., 0.6990651192778853, 0.32371794871794873, 0.02552908095308569, 0.07018072289156627, 0.0635670251665115,0.004435932174072615
220, Forstenrieder Allee, 0.7506447453255964, 0.30982905982905984, 0.017093384638153027, 0.06567080045095829, 0.06350802735859051,0.004621477508408416
221, Basler Str., 0.7844938749194069, 0.30982905982905984, 0.008583690987124463, 0.061672842773954475, 0.06292478195674026,0.004932842802525523
222, Furstenried West, 0.8167311411992263, 0.30982905982905984, 0.0, 0.058104738154613464, 0.05715132497259573,0.0027367907075288482
223, Lochham, 0.597517730496454, 0.22435897435897437, 0.07458931478466775, 0.09130094043887148, 0.06449100493138032,0.0038470830085395287
224, Grafelfing, 0.6297549967762734, 0.22435897435897437, 0.06659760248631048, 0.08417630057803469, 0.06366623434061966,0.004043505143052262
225, Planegg, 0.6636041263700838, 0.22435897435897437, 0.05853189285185733, 0.07803081044876088, 0.06358291808163224,0.00415985058403397
226, Stockdorf, 0.6990651192778853, 0.22435897435897437, 0.05039218588130827, 0.07267623206487836, 0.06357449648114415,0.00423455351603012
227, Gauting, 0.7313023855577048, 0.22435897435897437, 0.04217848157466331, 0.06796966161026838, 0.0635735859984394,0.004297495236714212
228, Starnberg Nord, 0.7683752417794971, 0.22435897435897437, 0.03389077993192245, 0.06380065717415115, 0.06357289903121188,0.004366465263396283
229, Starnberg, 0.7957769181173436, 0.22435897435897437, 0.02552908095308569, 0.06008251676121712, 0.0635669384236967,0.004471035784039641
230, Possenhofen, 0.8312379110251451, 0.22435897435897437, 0.017093384638153027, 0.05674622503653191, 0.06350801864697864,0.004642127206333323
231, Feldafing, 0.8683107672469375, 0.22435897435897437, 0.008583690987124463, 0.05373616236162362, 0.06292478109315704,0.004946690435044388
232, Tutzing, 0.9005480335267569, 0.22435897435897437, 0.0, 0.05100700525394045, 0.05715132489020441,0.0027426078916979813
233, Obersendling, 0.6910058027079304, 0.375, 0.04217848157466331, 0.08118466898954704, 0.06358210678181624,0.004187282780687432
234, Fasanenpark, 0.7474210186976145, 0.7029914529914529, 0.05853189285185733, 0.07824042981867024, 0.06378352994343132,0.003974179692993546
